Car 0.00 0 -1.58 587.20 182.58 658.23 240.75 1.36 1.69 3.38 0.26 1.64 18.96 -1.57
Car 0.64 3 2.28 0.00 170.18 112.88 262.92 1.59 1.72 3.86 -11.35 1.56 13.20 1.58
Car 0.00 0 -2.09 288.00 172.05 458.22 262.81 1.59 1.63 3.64 -4.86 1.60 14.45 -2.41
Car 0.00 2 -2.25 335.23 179.59 486.33 244.08 1.41 1.64 3.61 -4.94 1.59 17.57 -2.52
Car 0.00 2 -2.27 378.78 179.77 517.76 233.59 1.39 1.61 4.09 -4.73 1.62 20.68 -2.50
Car 0.00 2 -2.18 456.67 178.92 543.18 220.37 1.50 1.57 3.54 -4.36 1.75 28.06 -2.33
Car 0.00 2 -2.36 504.66 177.05 569.00 202.57 1.40 1.60 3.55 -4.25 1.66 41.39 -2.47
Car 0.00 1 -1.73 694.91 182.75 767.38 230.27 1.36 1.63 4.02 3.73 1.69 23.05 -1.57
Car 0.00 2 -1.70 677.92 172.13 733.65 215.07 1.66 1.72 4.41 3.92 1.67 30.42 -1.58
Car 0.00 2 -1.57 589.40 178.68 629.92 215.66 1.52 1.67 3.61 -0.05 1.79 31.73 -1.57
Car 0.00 2 2.04 249.77 173.52 333.37 208.06 1.47 1.77 4.25 -14.58 1.53 33.22 1.63
